Information and diagnostics 
=========================== 
Total iter:                       23000 
Burn-in:                          3001 
Thin:                             2 
Num chains:                       3 
Max Rhat:                         1.04 
Min n.eff:                        398 


Model summary 
============= 
             mean         sd        2.5%        50%     97.5% Rhat n.eff
p[1]    0.3779411 0.27246910 0.030451650 0.31204338 0.9492890 1.01  1457
p[2]    0.1290879 0.11087001 0.014498471 0.09491152 0.4361130 1.01  1006
p[3]    0.1253488 0.09791527 0.017949407 0.09807018 0.3880256 1.01  2093
p[4]    0.4802923 0.24959391 0.107970975 0.44563132 0.9628736 1.01  1172
p[5]    0.1473686 0.14913400 0.013106338 0.09364001 0.5770911 1.00   765
p[6]    0.1330458 0.14180514 0.007827397 0.08293268 0.5450388 1.01  1537
p[7]    0.5458735 0.25677574 0.098379063 0.54501362 0.9753970 1.01  1451
p[8]    0.1110779 0.07275782 0.020760860 0.09488736 0.2983319 1.00  3791
p[9]    0.1997490 0.11776161 0.060836102 0.16978454 0.5057675 1.01   940
p[10]   0.1997490 0.11776161 0.060836102 0.16978454 0.5057675 1.01   940
phi[1]  0.1308932 0.14570852 0.012556540 0.07893390 0.5731231 1.04   603
phi[2]  0.2763855 0.19409174 0.051546067 0.22080672 0.8027346 1.01   421
phi[3]  0.3892812 0.20964994 0.091983868 0.34918663 0.8728773 1.01   778
phi[4]  0.3241988 0.21255680 0.069944620 0.26375886 0.8816291 1.01   767
phi[5]  0.3007613 0.23045489 0.034395225 0.23236061 0.8864688 1.01   398
phi[6]  0.2628362 0.21813860 0.024223573 0.19215300 0.8394078 1.00   516
phi[7]  0.1036825 0.08959915 0.018951900 0.07860516 0.3526499 1.01   640
phi[8]  0.6985731 0.19635648 0.290598961 0.72426422 0.9853899 1.00  1630
phi[9]  0.4634858 0.21735502 0.139893065 0.42726018 0.9360358 1.01   644
phi[10] 0.4732261 0.21558289 0.144467980 0.43886327 0.9401405 1.02   886
